0 0 21 147 8 146 117 57 117 51 164 177 236 34 164 76 184 162 50 66 201 110 171 115 
1 0 13 124 70 193 202 206 94 214 204 125 18 222 1 179 
2 0 11 48 6 205 231 4 77 122 10 233 80 20 
3 0 10 61 208 243 230 145 52 159 240 3 40 
4 0 10 79 128 73 230 161 120 187 197 6 42 
5 0 7 75 176 84 198 47 119 17 
6 0 19 77 65 178 200 30 160 203 230 216 43 231 98 236 160 201 7 131 140 169 
7 0 10 67 65 105 51 128 231 35 59 34 228 
8 0 5 119 209 89 110 103 
9 0 21 11 60 12 68 23 220 131 104 155 127 49 127 167 175 164 158 7 162 184 209 162 
10 0 10 173 35 5 171 131 99 85 235 143 247 
11 0 25 6 179 153 164 236 140 166 243 136 158 128 201 111 161 98 140 190 175 27 207 237 86 33 138 1 
12 0 18 116 117 141 121 170 218 190 181 235 158 249 198 19 192 66 249 155 159 
13 0 25 30 32 92 25 137 224 65 178 127 10 247 236 185 240 222 119 81 247 155 116 119 11 208 201 178 
14 0 8 169 60 117 147 199 235 14 82 
15 0 8 21 157 18 142 156 178 171 240 
16 0 18 86 116 164 132 121 101 89 24 11 24 210 208 184 27 110 63 226 172 
17 7 22 67 151 134 122 202 42 106 226 138 45 153 116 244 218 164 96 141 150 30 63 42 231 
18 42 3 177 179 132 
19 70 2 178 12 
20 79 16 140 16 113 177 43 83 221 206 116 132 82 126 181 226 137 58 